61.0
80.0
62.0
83.0
68.0
82.0
76.0
83.0
74.0
83.0
77.0
65.0
78.0
66.0
65.0
85.0
85.0
66.0
61.0
84.0
65.0
66.0
65.0
85.0
85.0
66.0
86.0
86.0
83.0
86.0
86.0
87.0
86.0
81.0
85.0
66.0
65.0
84.0
84.0
82.0
81.0
83.0
84.0
87.0
82.0
61.0
63.0
67.0
83.0
85.0
87.0
80.0
65.0
83.0
85.0
85.0
65.0
84.0
65.0
68.0
65.0
83.0
65.0
66.0
86.0
68.0
64.0
67.0
66.0
66.0
86.0
78.0
28.0
26.0
82.0
67.0
84.0
66.0
85.0
87.0
65.0
85.0
83.0
67.0
66.0
67.0
85.0
87.0
64.0
68.0
86.0
84.0
85.0
83.0
66.0
68.0
74.0
69.0
86.0
81.0
85.0
83.0
84.0
83.0
88.0
86.0
66.0
83.0
66.0
69.0
86.0
83.0
86.0
87.0
87.0
85.0
85.0
69.0
85.0
83.0
86.0
83.0
88.0
84.0
85.0
84.0
66.0
86.0
87.0
83.0
66.0
66.0
86.0
79.0
66.0
68.0
83.0
83.0
65.0
86.0
81.0
65.0
87.0
85.0
65.0
69.0
85.0
66.0
27.0
67.0
65.0
80.0
87.0
79.0
87.0
79.0
87.0
80.0
87.0
85.0
64.0
87.0
65.0
85.0
65.0
86.0
66.0
71.0
84.0
70.0
80.0
80.0
66.0
85.0
67.0
61.0
67.0
72.0
86.0
73.0
84.0
73.0
83.0
77.0
66.0
84.0
68.0
83.0
67.0
86.0
78.0
64.0
85.0
66.0
87.0
65.0
87.0
66.0
84.0
86.0
83.0
65.0
85.0
66.0
87.0
83.0
83.0
88.0
66.0
85.0
67.0
87.0
68.0
86.0
87.0
85.0
83.0
65.0
87.0
66.0
85.0
66.0
68.0
85.0
83.0
66.0
64.0
33.0
30.0
80.0
83.0
85.0
84.0
80.0
80.0
74.0
80.0
87.0
63.0
83.0
83.0
85.0
84.0
65.0
87.0
66.0
67.0
87.0
67.0
88.0
84.0
84.0
76.0
64.0
67.0
83.0
83.0
86.0
85.0
65.0
67.0
83.0
68.0
87.0
87.0
86.0
85.0
65.0
82.0
66.0
85.0
67.0
69.0
66.0
88.0
86.0
68.0
86.0
68.0
84.0
82.0
65.0
86.0
81.0
56.0
67.0
84.0
66.0
87.0
70.0
88.0
63.0
83.0
66.0
66.0
85.0
84.0
86.0
84.0
84.0
67.0
70.0
84.0
70.0
84.0
70.0
61.0
43.0
29.0
69.0
83.0
66.0
81.0
69.0
84.0
79.0
82.0
80.0
65.0
70.0
84.0
77.0
87.0
77.0
65.0
86.0
67.0
87.0
84.0
75.0
85.0
80.0
84.0
86.0
85.0
64.0
86.0
65.0
66.0
86.0
67.0
82.0
64.0
85.0
85.0
82.0
67.0
84.0
66.0
86.0
66.0
85.0
84.0
87.0
84.0
87.0
80.0
63.0
85.0
65.0
86.0
63.0
67.0
85.0
80.0
86.0
83.0
87.0
66.0
85.0
66.0
87.0
66.0
67.0
81.0
67.0
84.0
67.0
85.0
67.0
85.0
83.0
26.0
65.0
63.0
85.0
65.0
85.0
64.0
84.0
65.0
84.0
65.0
86.0
80.0
68.0
83.0
77.0
87.0
82.0
87.0
85.0
66.0
86.0
66.0
84.0
65.0
79.0
65.0
68.0
83.0
66.0
83.0
69.0
84.0
81.0
66.0
84.0
66.0
69.0
83.0
83.0
86.0
67.0
84.0
68.0
83.0
67.0
85.0
68.0
84.0
69.0
83.0
65.0
85.0
69.0
85.0
80.0
83.0
70.0
85.0
82.0
85.0
78.0
86.0
79.0
85.0
67.0
56.0
85.0
66.0
87.0
67.0
85.0
65.0
85.0
65.0
70.0
49.0
26.0
75.0
82.0
65.0
83.0
64.0
83.0
64.0
85.0
66.0
82.0
65.0
85.0
65.0
68.0
84.0
68.0
86.0
68.0
84.0
67.0
88.0
87.0
66.0
85.0
69.0
82.0
70.0
81.0
65.0
82.0
62.0
85.0
66.0
84.0
86.0
73.0
86.0
80.0
86.0
80.0
67.0
68.0
83.0
70.0
84.0
85.0
86.0
86.0
69.0
86.0
76.0
83.0
72.0
86.0
65.0
85.0
66.0
66.0
66.0
82.0
82.0
78.0
85.0
83.0
87.0
83.0
65.0
85.0
65.0
85.0
86.0
85.0
65.0
86.0
65.0
84.0
51.0
27.0
71.0
81.0
85.0
64.0
82.0
65.0
83.0
66.0
81.0
66.0
85.0
66.0
84.0
66.0
81.0
66.0
84.0
66.0
85.0
67.0
80.0
67.0
84.0
66.0
84.0
65.0
82.0
67.0
85.0
67.0
84.0
67.0
82.0
85.0
65.0
86.0
64.0
81.0
64.0
85.0
84.0
67.0
81.0
63.0
75.0
67.0
83.0
68.0
85.0
67.0
84.0
68.0
65.0
85.0
65.0
85.0
65.0
84.0
64.0
86.0
65.0
83.0
65.0
83.0
64.0
85.0
65.0
85.0
64.0
85.0
65.0
83.0
65.0
82.0
66.0
85.0
77.0
26.0
24.0
83.0
63.0
83.0
64.0
85.0
64.0
83.0
64.0
84.0
65.0
80.0
85.0
83.0
82.0
68.0
82.0
69.0
84.0
85.0
66.0
86.0
65.0
83.0
65.0
85.0
65.0
84.0
65.0
84.0
66.0
85.0
65.0
79.0
66.0
84.0
65.0
85.0
65.0
85.0
65.0
83.0
66.0
84.0
63.0
85.0
66.0
71.0
80.0
72.0
84.0
71.0
83.0
71.0
82.0
72.0
81.0
73.0
81.0
73.0
80.0
85.0
81.0
85.0
82.0
85.0
83.0
83.0
83.0
84.0
62.0
29.0
25.0
63.0
85.0
63.0
81.0
63.0
84.0
63.0
85.0
64.0
85.0
65.0
83.0
65.0
84.0
64.0
83.0
64.0
83.0
64.0
86.0
64.0
84.0
65.0
85.0
65.0
56.0
65.0
84.0
60.0
83.0
61.0
86.0
65.0
84.0
64.0
85.0
63.0
84.0
61.0
85.0
64.0
84.0
63.0
85.0
65.0
86.0
65.0
84.0
64.0
83.0
65.0
83.0
65.0
85.0
64.0
84.0
84.0
65.0
70.0
76.0
83.0
67.0
83.0
86.0
83.0
64.0
57.0
83.0
88.0
80.0
85.0
87.0
72.0
69.0
64.0
87.0
85.0
67.0
85.0
79.0
33.0
27.0
83.0
79.0
85.0
80.0
67.0
86.0
61.0
73.0
67.0
77.0
85.0
81.0
68.0
77.0
85.0
85.0
87.0
76.0
85.0
69.0
82.0
87.0
65.0
67.0
89.0
65.0
86.0
68.0
68.0
85.0
66.0
86.0
87.0
82.0
86.0
68.0
66.0
67.0
89.0
80.0
85.0
86.0
87.0
84.0
85.0
86.0
67.0
85.0
67.0
68.0
88.0
87.0
88.0
85.0
88.0
86.0
87.0
86.0
88.0
70.0
88.0
69.0
86.0
83.0
65.0
85.0
87.0
85.0
84.0
87.0
67.0
86.0
68.0
62.0
90.0
85.0
88.0
34.0
28.0
83.0
86.0
82.0
87.0
68.0
66.0
83.0
87.0
70.0
88.0
84.0
67.0
68.0
88.0
70.0
69.0
70.0
68.0
69.0
67.0
69.0
87.0
87.0
87.0
84.0
67.0
69.0
88.0
70.0
65.0
83.0
88.0
70.0
86.0
84.0
86.0
85.0
67.0
81.0
67.0
89.0
67.0
69.0
65.0
88.0
67.0
70.0
87.0
69.0
85.0
70.0
86.0
71.0
85.0
70.0
66.0
71.0
86.0
71.0
68.0
85.0
67.0
68.0
69.0
80.0
90.0
82.0
67.0
83.0
68.0
70.0
84.0
71.0
63.0
42.0
29.0
78.0
66.0
76.0
84.0
71.0
67.0
80.0
88.0
80.0
67.0
73.0
87.0
73.0
86.0
80.0
68.0
78.0
86.0
77.0
86.0
75.0
65.0
77.0
88.0
70.0
68.0
86.0
85.0
88.0
68.0
87.0
68.0
67.0
67.0
86.0
87.0
67.0
67.0
84.0
68.0
66.0
84.0
88.0
68.0
67.0
85.0
67.0
67.0
89.0
84.0
87.0
68.0
66.0
68.0
68.0
87.0
67.0
67.0
87.0
68.0
65.0
68.0
64.0
84.0
83.0
86.0
81.0
87.0
85.0
83.0
67.0
70.0
80.0
32.0
30.0
81.0
58.0
70.0
67.0
70.0
68.0
84.0
83.0
81.0
85.0
67.0
88.0
83.0
67.0
70.0
87.0
83.0
87.0
86.0
67.0
86.0
69.0
67.0
70.0
88.0
71.0
87.0
70.0
64.0
71.0
88.0
84.0
62.0
70.0
67.0
87.0
69.0
89.0
88.0
70.0
66.0
87.0
65.0
88.0
86.0
78.0
85.0
89.0
70.0
87.0
86.0
87.0
85.0
69.0
69.0
88.0
66.0
85.0
86.0
67.0
67.0
86.0
70.0
86.0
85.0
86.0
86.0
69.0
70.0
69.0
67.0
73.0
87.0
81.0
68.0
71.0
66.0
36.0
32.0
78.0
83.0
76.0
86.0
71.0
82.0
65.0
84.0
65.0
67.0
75.0
88.0
85.0
84.0
65.0
65.0
85.0
85.0
85.0
87.0
65.0
67.0
84.0
81.0
65.0
67.0
85.0
85.0
88.0
81.0
88.0
67.0
85.0
68.0
85.0
66.0
87.0
87.0
66.0
80.0
65.0
86.0
83.0
69.0
85.0
80.0
85.0
80.0
65.0
69.0
85.0
80.0
65.0
70.0
85.0
71.0
86.0
81.0
82.0
78.0
86.0
81.0
83.0
63.0
85.0
64.0
81.0
65.0
87.0
65.0
85.0
66.0
83.0
78.0
84.0
86.0
65.0
87.0
66.0
83.0
86.0
65.0
85.0
71.0
65.0
77.0
35.0
26.0
25.0
26.0
24.0
35.0
51.0
42.0
35.0
23.0
22.0
22.0
22.0
22.0
22.0
25.0
21.0
73.0
80.0
61.0
78.0
81.0
