63.0
81.0
63.0
82.0
69.0
81.0
78.0
84.0
77.0
81.0
79.0
68.0
83.0
67.0
67.0
83.0
83.0
67.0
67.0
83.0
66.0
68.0
66.0
86.0
81.0
68.0
84.0
84.0
83.0
83.0
81.0
86.0
83.0
84.0
83.0
67.0
65.0
83.0
81.0
82.0
82.0
79.0
84.0
83.0
82.0
67.0
66.0
68.0
78.0
84.0
81.0
60.0
64.0
82.0
82.0
83.0
65.0
82.0
66.0
68.0
67.0
83.0
62.0
67.0
83.0
69.0
66.0
68.0
67.0
68.0
83.0
79.0
28.0
26.0
80.0
67.0
79.0
68.0
82.0
83.0
66.0
84.0
82.0
69.0
66.0
69.0
84.0
82.0
67.0
68.0
83.0
81.0
82.0
79.0
67.0
68.0
81.0
69.0
84.0
75.0
83.0
81.0
82.0
82.0
86.0
84.0
67.0
81.0
65.0
69.0
83.0
77.0
82.0
83.0
84.0
83.0
84.0
69.0
83.0
81.0
83.0
81.0
85.0
80.0
84.0
82.0
67.0
84.0
83.0
81.0
66.0
69.0
83.0
81.0
66.0
68.0
82.0
80.0
67.0
83.0
83.0
66.0
83.0
82.0
66.0
69.0
83.0
65.0
27.0
67.0
66.0
80.0
82.0
79.0
83.0
79.0
84.0
79.0
85.0
83.0
62.0
83.0
66.0
83.0
68.0
83.0
68.0
71.0
80.0
72.0
81.0
77.0
67.0
81.0
67.0
62.0
68.0
72.0
83.0
73.0
83.0
72.0
79.0
75.0
66.0
83.0
68.0
83.0
65.0
83.0
82.0
65.0
84.0
65.0
83.0
66.0
84.0
66.0
78.0
84.0
81.0
66.0
84.0
66.0
83.0
83.0
81.0
84.0
66.0
83.0
67.0
83.0
67.0
82.0
85.0
83.0
84.0
66.0
84.0
64.0
84.0
66.0
68.0
83.0
81.0
65.0
66.0
32.0
31.0
81.0
79.0
83.0
80.0
80.0
79.0
73.0
80.0
83.0
78.0
83.0
81.0
84.0
84.0
66.0
84.0
65.0
66.0
84.0
67.0
84.0
83.0
79.0
80.0
66.0
67.0
84.0
81.0
84.0
82.0
65.0
68.0
82.0
69.0
84.0
84.0
84.0
83.0
66.0
83.0
66.0
80.0
68.0
69.0
66.0
84.0
84.0
69.0
82.0
69.0
83.0
77.0
66.0
81.0
80.0
57.0
67.0
84.0
66.0
84.0
71.0
85.0
65.0
82.0
67.0
69.0
84.0
81.0
85.0
82.0
80.0
66.0
68.0
82.0
69.0
82.0
71.0
62.0
37.0
29.0
69.0
80.0
71.0
79.0
71.0
83.0
78.0
83.0
78.0
67.0
71.0
81.0
78.0
84.0
78.0
66.0
80.0
68.0
83.0
73.0
73.0
81.0
77.0
81.0
86.0
83.0
66.0
83.0
65.0
67.0
83.0
68.0
83.0
68.0
82.0
83.0
81.0
68.0
82.0
67.0
81.0
65.0
83.0
82.0
83.0
82.0
84.0
81.0
65.0
82.0
67.0
85.0
66.0
67.0
83.0
79.0
83.0
81.0
84.0
66.0
84.0
66.0
82.0
67.0
68.0
82.0
66.0
83.0
68.0
84.0
67.0
80.0
79.0
27.0
65.0
65.0
83.0
66.0
82.0
66.0
83.0
65.0
83.0
66.0
85.0
81.0
69.0
83.0
81.0
83.0
81.0
81.0
83.0
67.0
83.0
66.0
83.0
67.0
82.0
66.0
69.0
82.0
67.0
80.0
67.0
83.0
79.0
66.0
82.0
66.0
69.0
82.0
80.0
83.0
69.0
83.0
69.0
81.0
68.0
81.0
68.0
82.0
70.0
81.0
71.0
83.0
69.0
82.0
78.0
82.0
70.0
81.0
80.0
84.0
80.0
82.0
78.0
82.0
79.0
67.0
82.0
67.0
85.0
68.0
81.0
64.0
83.0
67.0
69.0
68.0
27.0
73.0
81.0
66.0
82.0
65.0
83.0
67.0
83.0
66.0
83.0
66.0
81.0
66.0
68.0
82.0
66.0
82.0
68.0
81.0
68.0
84.0
83.0
67.0
84.0
70.0
82.0
70.0
82.0
67.0
72.0
66.0
83.0
66.0
84.0
86.0
80.0
83.0
80.0
83.0
79.0
67.0
71.0
81.0
71.0
83.0
83.0
80.0
83.0
73.0
83.0
75.0
83.0
73.0
84.0
66.0
83.0
65.0
67.0
65.0
82.0
84.0
68.0
83.0
81.0
83.0
82.0
66.0
81.0
64.0
83.0
83.0
83.0
65.0
83.0
63.0
80.0
63.0
28.0
71.0
80.0
80.0
67.0
81.0
66.0
82.0
67.0
71.0
65.0
82.0
67.0
83.0
68.0
82.0
66.0
81.0
67.0
83.0
65.0
83.0
66.0
83.0
68.0
82.0
67.0
80.0
68.0
81.0
67.0
77.0
67.0
81.0
83.0
65.0
83.0
66.0
82.0
66.0
83.0
81.0
67.0
82.0
67.0
83.0
68.0
83.0
69.0
83.0
68.0
83.0
69.0
66.0
82.0
66.0
83.0
66.0
82.0
65.0
83.0
65.0
83.0
65.0
83.0
66.0
83.0
65.0
81.0
65.0
82.0
65.0
83.0
66.0
83.0
66.0
83.0
82.0
26.0
25.0
81.0
65.0
80.0
64.0
82.0
65.0
82.0
65.0
82.0
60.0
79.0
82.0
82.0
81.0
69.0
82.0
65.0
80.0
82.0
66.0
82.0
62.0
83.0
67.0
81.0
65.0
82.0
66.0
82.0
66.0
83.0
66.0
83.0
66.0
82.0
65.0
82.0
66.0
82.0
65.0
74.0
66.0
83.0
64.0
83.0
66.0
71.0
81.0
72.0
77.0
72.0
82.0
72.0
80.0
73.0
81.0
72.0
80.0
73.0
80.0
82.0
82.0
83.0
80.0
83.0
82.0
83.0
82.0
81.0
63.0
28.0
25.0
63.0
82.0
55.0
81.0
64.0
81.0
64.0
81.0
64.0
82.0
64.0
83.0
65.0
83.0
65.0
82.0
65.0
83.0
65.0
83.0
64.0
82.0
63.0
82.0
65.0
57.0
65.0
82.0
66.0
81.0
65.0
84.0
63.0
83.0
64.0
83.0
65.0
83.0
65.0
82.0
63.0
82.0
64.0
82.0
65.0
82.0
65.0
81.0
65.0
82.0
65.0
83.0
65.0
81.0
66.0
82.0
81.0
65.0
83.0
75.0
83.0
66.0
80.0
84.0
80.0
65.0
68.0
83.0
86.0
81.0
73.0
82.0
78.0
64.0
67.0
83.0
82.0
67.0
82.0
83.0
34.0
27.0
79.0
78.0
83.0
79.0
65.0
84.0
67.0
70.0
67.0
77.0
82.0
76.0
69.0
76.0
83.0
83.0
84.0
73.0
82.0
67.0
79.0
84.0
63.0
68.0
85.0
68.0
85.0
68.0
67.0
83.0
67.0
78.0
86.0
83.0
87.0
66.0
68.0
68.0
88.0
82.0
82.0
82.0
84.0
81.0
84.0
84.0
67.0
83.0
69.0
70.0
85.0
84.0
86.0
83.0
86.0
83.0
83.0
83.0
85.0
70.0
84.0
70.0
86.0
82.0
67.0
83.0
83.0
82.0
79.0
86.0
68.0
81.0
68.0
68.0
87.0
83.0
83.0
34.0
28.0
81.0
83.0
82.0
83.0
69.0
67.0
82.0
83.0
70.0
85.0
82.0
67.0
68.0
84.0
71.0
69.0
69.0
68.0
69.0
64.0
69.0
84.0
84.0
81.0
83.0
68.0
69.0
85.0
68.0
86.0
82.0
86.0
69.0
87.0
81.0
84.0
83.0
66.0
82.0
68.0
86.0
68.0
69.0
68.0
86.0
68.0
71.0
83.0
69.0
84.0
70.0
84.0
71.0
84.0
71.0
68.0
71.0
83.0
72.0
68.0
82.0
67.0
71.0
67.0
81.0
88.0
82.0
68.0
81.0
68.0
71.0
83.0
72.0
67.0
42.0
29.0
78.0
67.0
79.0
83.0
72.0
69.0
78.0
86.0
79.0
68.0
71.0
84.0
73.0
83.0
78.0
69.0
79.0
83.0
77.0
83.0
75.0
68.0
75.0
86.0
69.0
66.0
88.0
83.0
84.0
67.0
85.0
69.0
66.0
68.0
84.0
83.0
67.0
67.0
85.0
68.0
68.0
84.0
87.0
69.0
68.0
81.0
67.0
69.0
86.0
82.0
87.0
69.0
68.0
69.0
68.0
83.0
68.0
68.0
84.0
69.0
67.0
67.0
68.0
82.0
85.0
82.0
75.0
85.0
83.0
83.0
69.0
69.0
84.0
33.0
34.0
83.0
69.0
82.0
68.0
69.0
67.0
81.0
83.0
82.0
84.0
71.0
82.0
82.0
59.0
71.0
84.0
81.0
85.0
82.0
68.0
83.0
69.0
67.0
71.0
84.0
72.0
81.0
70.0
64.0
69.0
83.0
81.0
69.0
70.0
68.0
86.0
69.0
86.0
86.0
69.0
69.0
84.0
68.0
86.0
82.0
84.0
82.0
84.0
71.0
85.0
83.0
88.0
83.0
69.0
71.0
88.0
67.0
86.0
84.0
68.0
69.0
86.0
69.0
85.0
83.0
82.0
79.0
69.0
67.0
69.0
66.0
72.0
83.0
79.0
69.0
74.0
67.0
53.0
36.0
76.0
84.0
77.0
83.0
73.0
83.0
66.0
86.0
66.0
68.0
84.0
84.0
82.0
82.0
66.0
63.0
82.0
83.0
84.0
84.0
66.0
67.0
83.0
82.0
66.0
67.0
84.0
83.0
86.0
83.0
84.0
67.0
82.0
72.0
82.0
67.0
84.0
82.0
68.0
79.0
62.0
83.0
83.0
69.0
82.0
80.0
83.0
80.0
66.0
69.0
83.0
79.0
66.0
71.0
83.0
71.0
83.0
81.0
83.0
78.0
83.0
80.0
83.0
69.0
83.0
67.0
80.0
66.0
84.0
67.0
80.0
68.0
83.0
82.0
84.0
84.0
66.0
83.0
66.0
84.0
83.0
64.0
81.0
71.0
66.0
81.0
37.0
27.0
26.0
26.0
24.0
39.0
44.0
41.0
35.0
24.0
24.0
22.0
22.0
21.0
21.0
27.0
22.0
75.0
80.0
63.0
77.0
80.0
