50.0
68.0
52.0
70.0
58.0
67.0
63.0
71.0
65.0
71.0
67.0
55.0
64.0
53.0
55.0
71.0
71.0
55.0
53.0
70.0
53.0
56.0
54.0
73.0
72.0
55.0
73.0
73.0
73.0
74.0
72.0
73.0
74.0
73.0
71.0
55.0
55.0
71.0
72.0
72.0
71.0
71.0
73.0
72.0
71.0
57.0
54.0
56.0
71.0
73.0
74.0
53.0
55.0
65.0
73.0
72.0
55.0
71.0
53.0
57.0
54.0
71.0
55.0
56.0
73.0
57.0
54.0
57.0
56.0
56.0
71.0
68.0
25.0
23.0
70.0
56.0
71.0
57.0
71.0
74.0
55.0
73.0
71.0
58.0
56.0
57.0
73.0
71.0
51.0
58.0
73.0
71.0
71.0
69.0
55.0
58.0
71.0
58.0
73.0
71.0
71.0
71.0
71.0
71.0
74.0
72.0
57.0
71.0
56.0
58.0
71.0
70.0
73.0
74.0
74.0
73.0
72.0
59.0
72.0
70.0
73.0
67.0
74.0
69.0
74.0
71.0
56.0
73.0
73.0
70.0
56.0
57.0
73.0
70.0
55.0
57.0
70.0
69.0
57.0
73.0
69.0
54.0
73.0
73.0
54.0
57.0
74.0
53.0
24.0
57.0
54.0
68.0
73.0
68.0
72.0
68.0
73.0
69.0
74.0
72.0
55.0
73.0
55.0
69.0
55.0
71.0
55.0
61.0
71.0
60.0
73.0
67.0
55.0
73.0
56.0
55.0
55.0
60.0
73.0
62.0
72.0
61.0
71.0
63.0
55.0
73.0
58.0
71.0
55.0
73.0
70.0
53.0
74.0
55.0
74.0
54.0
74.0
54.0
72.0
73.0
71.0
55.0
73.0
54.0
71.0
71.0
71.0
74.0
55.0
72.0
56.0
70.0
55.0
72.0
73.0
71.0
69.0
55.0
73.0
55.0
72.0
55.0
56.0
73.0
70.0
55.0
54.0
29.0
26.0
66.0
69.0
72.0
71.0
70.0
69.0
60.0
66.0
73.0
57.0
74.0
71.0
69.0
73.0
55.0
61.0
55.0
57.0
70.0
55.0
73.0
70.0
70.0
70.0
55.0
56.0
73.0
71.0
71.0
73.0
54.0
56.0
72.0
57.0
74.0
74.0
71.0
71.0
55.0
70.0
53.0
72.0
57.0
59.0
55.0
74.0
72.0
58.0
73.0
57.0
73.0
70.0
55.0
73.0
64.0
51.0
56.0
71.0
55.0
72.0
59.0
73.0
50.0
71.0
55.0
58.0
69.0
73.0
74.0
70.0
74.0
56.0
52.0
71.0
58.0
72.0
60.0
53.0
32.0
26.0
57.0
71.0
58.0
65.0
59.0
73.0
67.0
73.0
64.0
55.0
61.0
71.0
66.0
74.0
63.0
55.0
72.0
55.0
73.0
72.0
63.0
71.0
69.0
70.0
74.0
73.0
55.0
74.0
55.0
56.0
58.0
55.0
73.0
56.0
72.0
71.0
70.0
57.0
69.0
56.0
64.0
57.0
70.0
71.0
70.0
70.0
73.0
69.0
54.0
71.0
55.0
73.0
52.0
55.0
71.0
71.0
73.0
70.0
73.0
55.0
73.0
56.0
72.0
55.0
56.0
71.0
58.0
69.0
57.0
72.0
57.0
71.0
65.0
24.0
51.0
53.0
71.0
53.0
71.0
54.0
71.0
55.0
72.0
56.0
57.0
69.0
56.0
70.0
68.0
73.0
70.0
70.0
71.0
55.0
72.0
56.0
72.0
56.0
72.0
55.0
57.0
71.0
58.0
73.0
58.0
71.0
69.0
55.0
70.0
55.0
57.0
70.0
70.0
73.0
58.0
71.0
58.0
71.0
58.0
71.0
58.0
72.0
59.0
71.0
58.0
70.0
57.0
71.0
69.0
67.0
58.0
71.0
68.0
73.0
66.0
73.0
69.0
71.0
69.0
57.0
72.0
56.0
71.0
56.0
73.0
55.0
73.0
55.0
60.0
44.0
24.0
62.0
71.0
55.0
70.0
54.0
71.0
53.0
69.0
55.0
73.0
56.0
72.0
56.0
57.0
69.0
58.0
71.0
58.0
72.0
58.0
74.0
73.0
55.0
73.0
58.0
65.0
58.0
67.0
55.0
71.0
52.0
71.0
55.0
73.0
73.0
67.0
73.0
63.0
63.0
67.0
56.0
58.0
68.0
58.0
72.0
71.0
67.0
74.0
62.0
72.0
63.0
74.0
60.0
71.0
55.0
73.0
55.0
57.0
55.0
54.0
73.0
62.0
73.0
71.0
73.0
71.0
53.0
71.0
54.0
72.0
68.0
71.0
55.0
72.0
55.0
71.0
46.0
24.0
61.0
69.0
69.0
55.0
70.0
53.0
71.0
55.0
71.0
56.0
69.0
57.0
71.0
57.0
70.0
56.0
70.0
57.0
69.0
55.0
72.0
57.0
67.0
56.0
68.0
55.0
71.0
56.0
71.0
55.0
65.0
56.0
71.0
73.0
55.0
72.0
55.0
70.0
54.0
69.0
71.0
57.0
71.0
57.0
73.0
57.0
73.0
58.0
73.0
57.0
70.0
57.0
55.0
73.0
54.0
73.0
53.0
71.0
54.0
72.0
55.0
71.0
54.0
72.0
54.0
71.0
54.0
72.0
55.0
72.0
54.0
71.0
53.0
69.0
55.0
70.0
70.0
23.0
22.0
70.0
53.0
71.0
54.0
71.0
53.0
71.0
54.0
71.0
53.0
69.0
71.0
70.0
73.0
57.0
63.0
58.0
71.0
71.0
54.0
72.0
52.0
71.0
54.0
72.0
55.0
68.0
55.0
71.0
53.0
69.0
54.0
69.0
55.0
69.0
53.0
71.0
55.0
71.0
56.0
71.0
52.0
71.0
53.0
72.0
53.0
59.0
70.0
60.0
70.0
60.0
70.0
60.0
67.0
61.0
70.0
62.0
68.0
62.0
70.0
71.0
69.0
72.0
70.0
73.0
71.0
73.0
71.0
71.0
53.0
25.0
22.0
53.0
71.0
53.0
71.0
53.0
71.0
54.0
71.0
53.0
72.0
53.0
71.0
53.0
70.0
51.0
69.0
53.0
69.0
54.0
70.0
55.0
71.0
55.0
72.0
54.0
51.0
53.0
71.0
54.0
73.0
54.0
62.0
53.0
73.0
53.0
73.0
54.0
70.0
53.0
70.0
53.0
66.0
53.0
72.0
51.0
73.0
52.0
70.0
54.0
71.0
54.0
71.0
53.0
71.0
53.0
70.0
69.0
54.0
69.0
62.0
69.0
55.0
70.0
74.0
70.0
53.0
56.0
67.0
74.0
68.0
69.0
72.0
71.0
58.0
56.0
71.0
71.0
56.0
72.0
68.0
30.0
24.0
69.0
67.0
74.0
67.0
55.0
73.0
58.0
61.0
57.0
66.0
73.0
67.0
56.0
66.0
70.0
71.0
74.0
59.0
71.0
58.0
70.0
72.0
53.0
56.0
71.0
58.0
73.0
57.0
55.0
73.0
57.0
72.0
74.0
71.0
70.0
57.0
56.0
57.0
74.0
68.0
68.0
72.0
73.0
72.0
72.0
73.0
56.0
72.0
57.0
57.0
74.0
72.0
74.0
72.0
74.0
71.0
74.0
71.0
74.0
58.0
74.0
59.0
74.0
71.0
56.0
72.0
73.0
70.0
70.0
74.0
57.0
73.0
57.0
57.0
75.0
72.0
67.0
30.0
25.0
71.0
73.0
71.0
72.0
57.0
53.0
73.0
71.0
57.0
74.0
71.0
55.0
59.0
72.0
58.0
57.0
59.0
57.0
58.0
55.0
59.0
73.0
73.0
72.0
70.0
57.0
59.0
71.0
58.0
74.0
71.0
74.0
58.0
73.0
71.0
73.0
71.0
57.0
71.0
55.0
72.0
56.0
59.0
57.0
74.0
57.0
58.0
68.0
59.0
74.0
60.0
74.0
58.0
73.0
59.0
57.0
59.0
73.0
60.0
58.0
71.0
57.0
58.0
58.0
68.0
75.0
68.0
57.0
67.0
58.0
59.0
73.0
60.0
54.0
37.0
26.0
66.0
56.0
68.0
72.0
61.0
55.0
67.0
74.0
67.0
55.0
61.0
74.0
63.0
73.0
67.0
57.0
67.0
73.0
66.0
70.0
63.0
56.0
64.0
74.0
51.0
57.0
75.0
72.0
73.0
57.0
70.0
57.0
57.0
54.0
74.0
73.0
55.0
57.0
72.0
55.0
57.0
72.0
74.0
58.0
56.0
72.0
57.0
57.0
74.0
71.0
73.0
58.0
58.0
57.0
57.0
72.0
57.0
57.0
74.0
58.0
56.0
58.0
56.0
72.0
74.0
74.0
67.0
72.0
72.0
70.0
57.0
57.0
73.0
29.0
26.0
73.0
58.0
70.0
56.0
58.0
55.0
71.0
71.0
67.0
71.0
61.0
73.0
71.0
56.0
58.0
74.0
70.0
74.0
71.0
57.0
73.0
52.0
57.0
58.0
74.0
60.0
71.0
59.0
57.0
59.0
73.0
73.0
58.0
58.0
57.0
74.0
58.0
66.0
73.0
57.0
57.0
71.0
56.0
75.0
71.0
76.0
73.0
74.0
58.0
74.0
73.0
74.0
71.0
58.0
58.0
76.0
55.0
75.0
73.0
57.0
58.0
75.0
58.0
74.0
72.0
74.0
69.0
57.0
58.0
57.0
58.0
58.0
73.0
59.0
57.0
64.0
55.0
34.0
28.0
62.0
71.0
62.0
73.0
62.0
69.0
55.0
73.0
55.0
56.0
74.0
71.0
72.0
67.0
54.0
56.0
71.0
71.0
73.0
74.0
53.0
53.0
72.0
72.0
55.0
56.0
73.0
73.0
74.0
65.0
69.0
57.0
71.0
61.0
72.0
55.0
73.0
71.0
53.0
65.0
57.0
71.0
73.0
58.0
71.0
68.0
71.0
69.0
57.0
54.0
73.0
67.0
55.0
58.0
73.0
59.0
73.0
67.0
68.0
63.0
73.0
68.0
71.0
58.0
70.0
55.0
68.0
52.0
71.0
55.0
73.0
55.0
73.0
71.0
73.0
71.0
54.0
73.0
55.0
73.0
72.0
53.0
71.0
59.0
53.0
71.0
33.0
24.0
22.0
24.0
21.0
43.0
55.0
34.0
44.0
20.0
20.0
19.0
19.0
18.0
18.0
23.0
19.0
63.0
69.0
51.0
66.0
69.0
