58.0
77.0
60.0
79.0
65.0
77.0
73.0
79.0
73.0
79.0
74.0
64.0
78.0
62.0
63.0
75.0
81.0
64.0
62.0
81.0
58.0
64.0
62.0
81.0
81.0
64.0
81.0
80.0
78.0
81.0
81.0
82.0
83.0
81.0
80.0
63.0
62.0
78.0
80.0
77.0
81.0
79.0
80.0
80.0
79.0
64.0
62.0
64.0
75.0
80.0
82.0
54.0
62.0
78.0
81.0
81.0
62.0
79.0
62.0
63.0
62.0
78.0
61.0
64.0
82.0
64.0
62.0
64.0
62.0
64.0
79.0
75.0
26.0
23.0
79.0
64.0
79.0
64.0
79.0
81.0
62.0
81.0
79.0
64.0
63.0
65.0
81.0
79.0
63.0
64.0
78.0
76.0
80.0
75.0
62.0
63.0
81.0
65.0
81.0
74.0
68.0
79.0
79.0
79.0
81.0
81.0
63.0
77.0
63.0
64.0
79.0
77.0
83.0
79.0
81.0
82.0
80.0
65.0
79.0
77.0
80.0
78.0
83.0
78.0
82.0
77.0
63.0
82.0
81.0
74.0
63.0
65.0
79.0
78.0
63.0
65.0
79.0
71.0
62.0
81.0
81.0
56.0
81.0
80.0
62.0
64.0
79.0
60.0
24.0
65.0
62.0
76.0
79.0
75.0
79.0
76.0
79.0
77.0
79.0
79.0
63.0
81.0
62.0
80.0
64.0
80.0
64.0
66.0
78.0
65.0
80.0
75.0
63.0
79.0
62.0
80.0
63.0
68.0
78.0
69.0
79.0
69.0
79.0
72.0
63.0
80.0
63.0
81.0
60.0
79.0
79.0
62.0
81.0
62.0
81.0
62.0
80.0
60.0
81.0
83.0
77.0
62.0
82.0
62.0
81.0
78.0
77.0
81.0
62.0
80.0
63.0
79.0
63.0
80.0
81.0
79.0
81.0
62.0
79.0
62.0
80.0
60.0
64.0
81.0
78.0
62.0
60.0
29.0
28.0
76.0
77.0
77.0
75.0
77.0
76.0
70.0
79.0
77.0
63.0
80.0
76.0
82.0
75.0
62.0
80.0
62.0
63.0
81.0
63.0
82.0
79.0
80.0
75.0
62.0
63.0
78.0
78.0
80.0
78.0
62.0
64.0
81.0
64.0
83.0
78.0
80.0
79.0
62.0
80.0
62.0
79.0
64.0
64.0
63.0
75.0
81.0
64.0
80.0
64.0
80.0
79.0
62.0
81.0
74.0
75.0
63.0
81.0
62.0
81.0
66.0
83.0
62.0
81.0
60.0
64.0
79.0
81.0
81.0
80.0
79.0
64.0
65.0
78.0
66.0
77.0
66.0
59.0
34.0
27.0
65.0
79.0
66.0
77.0
66.0
80.0
73.0
80.0
75.0
62.0
68.0
79.0
74.0
82.0
73.0
60.0
79.0
63.0
80.0
79.0
68.0
78.0
75.0
78.0
81.0
80.0
61.0
78.0
62.0
63.0
82.0
64.0
80.0
64.0
79.0
74.0
78.0
62.0
74.0
64.0
79.0
63.0
79.0
77.0
81.0
79.0
80.0
77.0
62.0
81.0
60.0
82.0
58.0
63.0
80.0
78.0
81.0
78.0
81.0
61.0
80.0
61.0
81.0
63.0
64.0
80.0
64.0
79.0
65.0
79.0
63.0
79.0
74.0
25.0
58.0
60.0
80.0
61.0
79.0
60.0
79.0
62.0
76.0
60.0
79.0
77.0
65.0
79.0
76.0
82.0
75.0
82.0
80.0
62.0
81.0
49.0
77.0
63.0
79.0
64.0
64.0
79.0
64.0
80.0
64.0
78.0
75.0
63.0
80.0
62.0
65.0
77.0
61.0
80.0
65.0
80.0
65.0
79.0
65.0
76.0
65.0
76.0
65.0
79.0
66.0
79.0
64.0
81.0
77.0
78.0
66.0
79.0
73.0
82.0
76.0
80.0
77.0
79.0
74.0
63.0
74.0
62.0
80.0
63.0
80.0
62.0
78.0
62.0
63.0
45.0
23.0
71.0
77.0
62.0
79.0
61.0
79.0
62.0
80.0
62.0
80.0
62.0
79.0
63.0
63.0
79.0
64.0
78.0
64.0
81.0
64.0
81.0
81.0
62.0
78.0
65.0
79.0
65.0
78.0
63.0
77.0
61.0
82.0
62.0
78.0
82.0
76.0
82.0
74.0
83.0
76.0
53.0
66.0
79.0
66.0
80.0
79.0
81.0
81.0
68.0
81.0
71.0
81.0
66.0
81.0
62.0
76.0
62.0
64.0
60.0
79.0
81.0
63.0
81.0
77.0
81.0
79.0
62.0
80.0
61.0
79.0
79.0
81.0
59.0
81.0
62.0
77.0
48.0
23.0
68.0
75.0
79.0
62.0
79.0
64.0
77.0
62.0
80.0
63.0
79.0
62.0
79.0
64.0
78.0
62.0
79.0
64.0
72.0
64.0
77.0
64.0
79.0
61.0
79.0
62.0
79.0
63.0
79.0
64.0
68.0
63.0
79.0
80.0
62.0
80.0
62.0
77.0
60.0
81.0
79.0
63.0
79.0
59.0
73.0
63.0
77.0
64.0
80.0
64.0
77.0
63.0
62.0
79.0
60.0
81.0
62.0
80.0
62.0
79.0
62.0
79.0
62.0
80.0
61.0
79.0
61.0
80.0
62.0
80.0
61.0
79.0
61.0
80.0
62.0
79.0
77.0
25.0
23.0
78.0
61.0
78.0
61.0
79.0
61.0
79.0
62.0
80.0
62.0
76.0
80.0
79.0
81.0
63.0
73.0
64.0
79.0
80.0
62.0
78.0
57.0
79.0
62.0
75.0
62.0
79.0
61.0
79.0
62.0
79.0
62.0
79.0
60.0
76.0
62.0
80.0
62.0
79.0
61.0
79.0
63.0
76.0
60.0
80.0
62.0
65.0
78.0
68.0
78.0
68.0
75.0
68.0
76.0
69.0
78.0
69.0
78.0
68.0
71.0
79.0
79.0
79.0
77.0
80.0
78.0
79.0
75.0
79.0
58.0
26.0
22.0
58.0
76.0
57.0
79.0
60.0
78.0
60.0
77.0
61.0
79.0
61.0
80.0
61.0
81.0
61.0
80.0
61.0
79.0
61.0
81.0
61.0
79.0
60.0
80.0
60.0
74.0
60.0
81.0
60.0
80.0
62.0
79.0
60.0
79.0
61.0
77.0
60.0
81.0
61.0
79.0
62.0
79.0
62.0
79.0
61.0
79.0
61.0
79.0
62.0
79.0
61.0
79.0
61.0
79.0
59.0
79.0
79.0
62.0
81.0
69.0
75.0
63.0
76.0
81.0
75.0
62.0
64.0
77.0
83.0
76.0
78.0
81.0
77.0
64.0
62.0
81.0
77.0
63.0
81.0
64.0
30.0
26.0
79.0
76.0
78.0
76.0
64.0
79.0
59.0
68.0
64.0
73.0
80.0
75.0
63.0
73.0
81.0
80.0
81.0
73.0
80.0
65.0
77.0
81.0
62.0
64.0
83.0
65.0
81.0
64.0
63.0
78.0
63.0
80.0
81.0
78.0
83.0
64.0
64.0
64.0
84.0
77.0
81.0
80.0
80.0
79.0
81.0
79.0
64.0
81.0
64.0
64.0
82.0
81.0
83.0
79.0
81.0
79.0
81.0
81.0
82.0
65.0
81.0
65.0
83.0
79.0
64.0
78.0
80.0
82.0
79.0
81.0
64.0
79.0
64.0
64.0
84.0
80.0
81.0
30.0
26.0
78.0
81.0
79.0
81.0
63.0
64.0
79.0
81.0
63.0
82.0
80.0
62.0
64.0
73.0
64.0
64.0
65.0
63.0
65.0
64.0
65.0
82.0
80.0
79.0
79.0
64.0
63.0
83.0
64.0
84.0
77.0
84.0
65.0
84.0
79.0
81.0
79.0
63.0
80.0
64.0
83.0
63.0
66.0
64.0
83.0
64.0
66.0
78.0
67.0
82.0
66.0
81.0
66.0
77.0
66.0
64.0
66.0
77.0
67.0
65.0
79.0
63.0
65.0
64.0
77.0
84.0
79.0
64.0
77.0
64.0
67.0
81.0
68.0
63.0
38.0
26.0
74.0
62.0
76.0
79.0
68.0
63.0
75.0
81.0
76.0
64.0
68.0
81.0
70.0
81.0
74.0
64.0
73.0
81.0
73.0
80.0
70.0
64.0
71.0
83.0
64.0
64.0
85.0
79.0
82.0
64.0
79.0
64.0
64.0
63.0
83.0
77.0
64.0
63.0
82.0
64.0
60.0
81.0
82.0
64.0
64.0
80.0
63.0
65.0
82.0
76.0
82.0
64.0
64.0
64.0
61.0
81.0
62.0
63.0
84.0
65.0
63.0
63.0
61.0
76.0
80.0
81.0
73.0
81.0
79.0
74.0
64.0
65.0
79.0
30.0
27.0
82.0
64.0
59.0
64.0
64.0
63.0
78.0
79.0
78.0
82.0
65.0
81.0
80.0
62.0
65.0
81.0
79.0
83.0
81.0
64.0
81.0
65.0
64.0
65.0
83.0
67.0
78.0
65.0
64.0
65.0
84.0
81.0
62.0
65.0
64.0
82.0
64.0
83.0
83.0
66.0
60.0
82.0
63.0
80.0
81.0
84.0
78.0
82.0
65.0
83.0
81.0
84.0
80.0
65.0
67.0
84.0
63.0
82.0
82.0
64.0
66.0
82.0
65.0
83.0
80.0
80.0
80.0
64.0
65.0
65.0
64.0
68.0
80.0
77.0
62.0
76.0
64.0
33.0
29.0
73.0
76.0
73.0
81.0
71.0
78.0
62.0
82.0
60.0
63.0
82.0
80.0
81.0
74.0
62.0
62.0
80.0
81.0
79.0
81.0
62.0
64.0
80.0
79.0
62.0
63.0
79.0
78.0
83.0
75.0
80.0
63.0
80.0
63.0
81.0
62.0
79.0
79.0
63.0
76.0
61.0
79.0
78.0
65.0
79.0
74.0
81.0
77.0
64.0
65.0
81.0
74.0
62.0
66.0
79.0
66.0
81.0
78.0
78.0
76.0
80.0
75.0
75.0
71.0
81.0
62.0
77.0
62.0
82.0
63.0
79.0
59.0
77.0
78.0
77.0
81.0
62.0
79.0
62.0
81.0
78.0
62.0
81.0
64.0
60.0
73.0
33.0
24.0
24.0
23.0
22.0
37.0
49.0
55.0
32.0
21.0
21.0
20.0
20.0
19.0
20.0
24.0
20.0
71.0
76.0
57.0
78.0
76.0
